

                        link: arm_base
                        parent: boom_base
                        T: [[-8.33310830e-01  5.52804721e-01  6.33474096e-15 -8.40000000e-01]
 [ 5.52804721e-01  8.33310830e-01 -2.99207113e-15  2.35500000e+00]
 [-6.93283930e-15  1.00854943e-15 -1.00000000e+00 -1.35000000e-01]
 [ 0.00000000e+00  0.00000000e+00  0.00000000e+00  1.00000000e+00]]
                        --------------------------------------

                    

                        link: arm_base
                        parent: swing_base
                        T: [[-2.44249065e-15  5.55111512e-16 -1.00000000e+00 -5.50000000e-02]
 [ 9.81458527e-01 -1.91674621e-01 -2.55351296e-15  1.75257319e+00]
 [-1.91674621e-01 -9.81458527e-01  0.00000000e+00 -2.00401542e+00]
 [ 0.00000000e+00  0.00000000e+00  0.00000000e+00  1.00000000e+00]]
                        --------------------------------------

                    

                        link: arm_base
                        parent: bucket_base
                        T: [[-2.54863847e-02 -9.99675169e-01 -1.88700913e-16 -1.53677404e+00]
 [-9.99675169e-01  2.54863847e-02  1.45471914e-15  1.59218534e-01]
 [-1.44943730e-15  2.25715149e-16 -1.00000000e+00  1.46529848e-15]
 [ 0.00000000e+00  0.00000000e+00  0.00000000e+00  1.00000000e+00]]
                        --------------------------------------

                    

                        link: arm_base
                        parent: left_front_wheel_link
                        T: [[-0.33645563  0.93513182 -0.11102292  1.36680399]
 [ 0.91821879  0.35194149  0.18169052  2.86358607]
 [ 0.20897815 -0.04081253 -0.9770683  -0.33420313]
 [ 0.          0.          0.          1.        ]]
                        --------------------------------------

                    

                        link: arm_base
                        parent: wheel_left_free
                        T: [[-0.33645563  0.93513182 -0.11102292  1.36680399]
 [ 0.91821879  0.35194149  0.18169052  2.86358607]
 [ 0.20897815 -0.04081253 -0.9770683  -0.63420313]
 [ 0.          0.          0.          1.        ]]
                        --------------------------------------

                    

                        link: arm_base
                        parent: left_spinning_wheel_link
                        T: [[ 0.96582095  0.16529531  0.19966809  4.04719535]
 [-0.15335585  0.98539931 -0.07396071  1.33684641]
 [-0.20897815  0.04081253  0.9770683   0.29520313]
 [ 0.          0.          0.          1.        ]]
                        --------------------------------------

                    

                        link: arm_base
                        parent: wheel_left_spinning
                        T: [[ 0.96582095  0.16529531  0.19966809  4.04719535]
 [-0.15335585  0.98539931 -0.07396071  1.33684641]
 [-0.20897815  0.04081253  0.9770683   0.59520313]
 [ 0.          0.          0.          1.        ]]
                        --------------------------------------

                    

                        link: arm_base
                        parent: push_blade_bucket
                        T: [[ 0.04501121  0.99847128 -0.03207942  2.25208581]
 [ 0.97688388 -0.03727513  0.21049571  2.40963781]
 [ 0.20897815 -0.04081253 -0.9770683   0.02379687]
 [ 0.          0.          0.          1.        ]]
                        --------------------------------------

                    

                        link: arm_base
                        parent: right_front_wheel_link
                        T: [[-9.58952017e-01  1.87279196e-01 -2.12926118e-01 -1.73083445e+00]
 [ 1.91674621e-01  9.81458527e-01 -1.28369537e-16  2.65941542e+00]
 [ 2.08978155e-01 -4.08125330e-02 -9.77068303e-01  8.26796874e-01]
 [ 0.00000000e+00  0.00000000e+00  0.00000000e+00  1.00000000e+00]]
                        --------------------------------------

                    

                        link: arm_base
                        parent: wheel_right_free
                        T: [[-9.58952017e-01  1.87279196e-01 -2.12926118e-01 -1.73083445e+00]
 [ 1.91674621e-01  9.81458527e-01 -1.28369537e-16  2.65941542e+00]
 [ 2.08978155e-01 -4.08125330e-02 -9.77068303e-01  1.12679687e+00]
 [ 0.00000000e+00  0.00000000e+00  0.00000000e+00  1.00000000e+00]]
                        --------------------------------------

                    

                        link: arm_base
                        parent: right_spinning_wheel_link
                        T: [[-0.07331353  0.99566325 -0.05726976  1.66553633]
 [ 0.97516832  0.08360045  0.20507976  3.9233834 ]
 [ 0.20897815 -0.04081253 -0.9770683   0.85279687]
 [ 0.          0.          0.          1.        ]]
                        --------------------------------------

                    

                        link: arm_base
                        parent: wheel_right_spinning
                        T: [[-0.07331353  0.99566325 -0.05726976  1.66553633]
 [ 0.97516832  0.08360045  0.20507976  3.9233834 ]
 [ 0.20897815 -0.04081253 -0.9770683   1.15279687]
 [ 0.          0.          0.          1.        ]]
                        --------------------------------------

                    

                        link: arm_base
                        parent: cabin_base
                        T: [[ 2.08889303e-01 -4.07951808e-02 -9.77088027e-01  2.78562382e-01]
 [-9.58971375e-01  1.87282977e-01 -2.12835589e-01 -2.53086027e+00]
 [ 1.91674621e-01  9.81458527e-01  1.11022302e-16  2.38441542e+00]
 [ 0.00000000e+00  0.00000000e+00  0.00000000e+00  1.00000000e+00]]
                        --------------------------------------

                    

                        link: boom_base
                        parent: arm_base
                        T: [[-8.33310830e-01  5.52804721e-01 -6.93283930e-15 -2.00183622e+00]
 [ 5.52804721e-01  8.33310830e-01  1.00854943e-15 -1.49809104e+00]
 [ 6.33474096e-15 -2.99207113e-15 -1.00000000e+00 -1.35000000e-01]
 [ 0.00000000e+00  0.00000000e+00  0.00000000e+00  1.00000000e+00]]
                        --------------------------------------

                    

                        link: boom_base
                        parent: swing_base
                        T: [[-3.99680289e-15  2.10942375e-15  1.00000000e+00  8.00000000e-02]
 [-9.23818655e-01  3.82830370e-01 -4.55191440e-15  7.50000000e-02]
 [-3.82830370e-01 -9.23818655e-01  3.33066907e-16 -1.50000000e-01]
 [ 0.00000000e+00  0.00000000e+00  0.00000000e+00  1.00000000e+00]]
                        --------------------------------------

                    

                        link: boom_base
                        parent: bucket_base
                        T: [[-5.31387073e-01 -8.47129139e-01 -6.42827898e-16  1.18499386e-02]
 [ 8.47129139e-01 -5.31387073e-01  5.50157244e-15  2.12222357e+00]
 [-5.00213276e-15  2.37890623e-15  1.00000000e+00  1.35000000e-01]
 [ 0.00000000e+00  0.00000000e+00  0.00000000e+00  1.00000000e+00]]
                        --------------------------------------

                    

                        link: boom_base
                        parent: left_front_wheel_link
                        T: [[ 0.7973174   0.59326121  0.11102292  0.65440854]
 [-0.57060674  0.80087234 -0.18169052  0.47369382]
 [-0.19670512  0.08151458  0.9770683  -0.55949805]
 [ 0.          0.          0.          1.        ]]
                        --------------------------------------

                    

                        link: boom_base
                        parent: wheel_left_free
                        T: [[ 0.7973174   0.59326121  0.11102292  0.65440854]
 [-0.57060674  0.80087234 -0.18169052  0.47369382]
 [-0.19670512  0.08151458  0.9770683  -0.85949805]
 [ 0.          0.          0.          1.        ]]
                        --------------------------------------

                    

                        link: boom_base
                        parent: left_spinning_wheel_link
                        T: [[-0.71345303  0.67165276 -0.19966809  1.83919737]
 [ 0.67252648  0.73636808  0.07396071  0.17760652]
 [ 0.19670512 -0.08151458 -0.9770683   0.52049805]
 [ 0.          0.          0.          1.        ]]
                        --------------------------------------

                    

                        link: boom_base
                        parent: wheel_left_spinning
                        T: [[-0.71345303  0.67165276 -0.19966809  1.83919737]
 [ 0.67252648  0.73636808  0.07396071  0.17760652]
 [ 0.19670512 -0.08151458 -0.9770683   0.82049805]
 [ 0.          0.          0.          1.        ]]
                        --------------------------------------

                    

                        link: boom_base
                        parent: push_blade_bucket
                        T: [[ 0.51445131  0.85691934  0.03207942  0.67051058]
 [-0.83465379  0.50896426 -0.21049571  0.48150088]
 [-0.19670512  0.08151458  0.9770683  -0.20149805]
 [ 0.          0.          0.          1.        ]]
                        --------------------------------------

                    

                        link: boom_base
                        parent: right_front_wheel_link
                        T: [[ 9.02633925e-01 -3.74051420e-01  2.12926118e-01 -6.29858361e-02]
 [ 3.82830370e-01  9.23818655e-01 -4.78783679e-16  8.05400000e-01]
 [-1.96705120e-01  8.15145847e-02  9.77068303e-01  6.01501946e-01]
 [ 0.00000000e+00  0.00000000e+00  0.00000000e+00  1.00000000e+00]]
                        --------------------------------------

                    

                        link: boom_base
                        parent: wheel_right_free
                        T: [[ 9.02633925e-01 -3.74051420e-01  2.12926118e-01 -6.29858361e-02]
 [ 3.82830370e-01  9.23818655e-01 -4.78783679e-16  8.05400000e-01]
 [-1.96705120e-01  8.15145847e-02  9.77068303e-01  9.01501946e-01]
 [ 0.00000000e+00  0.00000000e+00  0.00000000e+00  1.00000000e+00]]
                        --------------------------------------

                    

                        link: boom_base
                        parent: right_spinning_wheel_link
                        T: [[ 0.6115003   0.7891689   0.05726976  0.32843524]
 [-0.7664036   0.60874282 -0.20507976  1.81832927]
 [-0.19670512  0.08151458  0.9770683   0.62750195]
 [ 0.          0.          0.          1.        ]]
                        --------------------------------------

                    

                        link: boom_base
                        parent: wheel_right_spinning
                        T: [[ 0.6115003   0.7891689   0.05726976  0.32843524]
 [-0.7664036   0.60874282 -0.20507976  1.81832927]
 [-0.19670512  0.08151458  0.9770683   0.92750195]
 [ 0.          0.          0.          1.        ]]
                        --------------------------------------

                    

                        link: boom_base
                        parent: cabin_base
                        T: [[-1.96621487e-01  8.14799272e-02  9.77088027e-01  5.34219874e-02]
 [ 9.02652147e-01 -3.74058971e-01  2.12835589e-01 -8.62990790e-01]
 [ 3.82830370e-01  9.23818655e-01 -4.44089210e-16  5.30400000e-01]
 [ 0.00000000e+00  0.00000000e+00  0.00000000e+00  1.00000000e+00]]
                        --------------------------------------

                    

                        link: swing_base
                        parent: arm_base
                        T: [[-2.44249065e-15  9.81458527e-01 -1.91674621e-01 -2.10419680e+00]
 [ 5.55111512e-16 -1.91674621e-01 -9.81458527e-01 -1.63093422e+00]
 [-1.00000000e+00 -2.55351296e-15  0.00000000e+00 -5.50000000e-02]
 [ 0.00000000e+00  0.00000000e+00  0.00000000e+00  1.00000000e+00]]
                        --------------------------------------

                    

                        link: swing_base
                        parent: boom_base
                        T: [[-3.99680289e-15 -9.23818655e-01 -3.82830370e-01  1.18618436e-02]
 [ 2.10942375e-15  3.82830370e-01 -9.23818655e-01 -1.67285076e-01]
 [ 1.00000000e+00 -4.55191440e-15  3.33066907e-16 -8.00000000e-02]
 [ 0.00000000e+00  0.00000000e+00  0.00000000e+00  1.00000000e+00]]
                        --------------------------------------

                    

                        link: swing_base
                        parent: bucket_base
                        T: [[-4.44089210e-16  1.66598529e-01  9.86024812e-01  1.47258771e-01]
 [ 1.15185639e-15 -9.86024812e-01  1.66598529e-01  2.22116521e+00]
 [ 1.00000000e+00  1.20736754e-15  3.33066907e-16  5.50000000e-02]
 [ 0.00000000e+00  0.00000000e+00  0.00000000e+00  1.00000000e+00]]
                        --------------------------------------

                    

                        link: swing_base
                        parent: left_front_wheel_link
                        T: [[ 0.11102292 -0.50945828 -0.85330309  0.55574061]
 [-0.18169052  0.83373541 -0.52141522  0.34748663]
 [ 0.9770683   0.21292612  0.         -0.65363298]
 [ 0.          0.          0.          1.        ]]
                        --------------------------------------

                    

                        link: swing_base
                        parent: wheel_left_free
                        T: [[ 0.11102292 -0.50945828 -0.85330309  0.55574061]
 [-0.18169052  0.83373541 -0.52141522  0.34748663]
 [ 0.9770683   0.21292612  0.         -0.95363298]
 [ 0.          0.          0.          1.        ]]
                        --------------------------------------

                    

                        link: swing_base
                        parent: left_spinning_wheel_link
                        T: [[-1.99668088e-01  9.16230294e-01 -3.47353857e-01  1.73435047e+00]
 [ 7.39607085e-02 -3.39388444e-01 -9.37734130e-01  5.64836805e-02]
 [-9.77068303e-01 -2.12926118e-01 -4.44089210e-16  6.14632977e-01]
 [ 0.00000000e+00  0.00000000e+00  0.00000000e+00  1.00000000e+00]]
                        --------------------------------------

                    

                        link: swing_base
                        parent: wheel_left_spinning
                        T: [[-1.99668088e-01  9.16230294e-01 -3.47353857e-01  1.73435047e+00]
 [ 7.39607085e-02 -3.39388444e-01 -9.37734130e-01  5.64836805e-02]
 [-9.77068303e-01 -2.12926118e-01 -4.44089210e-16  9.14632977e-01]
 [ 0.00000000e+00  0.00000000e+00  0.00000000e+00  1.00000000e+00]]
                        --------------------------------------

                    

                        link: swing_base
                        parent: push_blade_bucket
                        T: [[ 0.03207942 -0.14720497 -0.98858566  0.53069675]
 [-0.21049571  0.96591571 -0.15065986  0.40329788]
 [ 0.9770683   0.21292612  0.         -0.29563298]
 [ 0.          0.          0.          1.        ]]
                        --------------------------------------

                    

                        link: swing_base
                        parent: right_front_wheel_link
                        T: [[ 2.12926118e-01 -9.77068303e-01 -2.77555756e-16 -6.73980290e-03]
 [ 5.55111512e-17  4.44089210e-16 -1.00000000e+00  6.55400000e-01]
 [ 9.77068303e-01  2.12926118e-01  2.22044605e-16  5.07367023e-01]
 [ 0.00000000e+00  0.00000000e+00  0.00000000e+00  1.00000000e+00]]
                        --------------------------------------

                    

                        link: swing_base
                        parent: wheel_right_free
                        T: [[ 2.12926118e-01 -9.77068303e-01 -2.77555756e-16 -6.73980290e-03]
 [ 5.55111512e-17  4.44089210e-16 -1.00000000e+00  6.55400000e-01]
 [ 9.77068303e-01  2.12926118e-01  2.22044605e-16  8.07367023e-01]
 [ 0.00000000e+00  0.00000000e+00  0.00000000e+00  1.00000000e+00]]
                        --------------------------------------

                    

                        link: swing_base
                        parent: right_spinning_wheel_link
                        T: [[ 5.72697578e-02 -2.62797563e-01 -9.63149841e-01  1.99090998e-01]
 [-2.05079757e-01  9.41063180e-01 -2.68965396e-01  1.72381111e+00]
 [ 9.77068303e-01  2.12926118e-01 -4.44089210e-16  5.33367023e-01]
 [ 0.00000000e+00  0.00000000e+00  0.00000000e+00  1.00000000e+00]]
                        --------------------------------------

                    

                        link: swing_base
                        parent: wheel_right_spinning
                        T: [[ 5.72697578e-02 -2.62797563e-01 -9.63149841e-01  1.99090998e-01]
 [-2.05079757e-01  9.41063180e-01 -2.68965396e-01  1.72381111e+00]
 [ 9.77068303e-01  2.12926118e-01 -4.44089210e-16  8.33367023e-01]
 [ 0.00000000e+00  0.00000000e+00  0.00000000e+00  1.00000000e+00]]
                        --------------------------------------

                    

                        link: swing_base
                        parent: cabin_base
                        T: [[ 9.77088027e-01  2.12835589e-01 -2.16159342e-17 -4.07077239e-02]
 [ 2.12835589e-01 -9.77088027e-01 -1.30044256e-16 -8.06736035e-01]
 [-4.87987163e-17  1.22464046e-16 -1.00000000e+00  3.80400000e-01]
 [ 0.00000000e+00  0.00000000e+00  0.00000000e+00  1.00000000e+00]]
                        --------------------------------------

                    

                        link: bucket_base
                        parent: arm_base
                        T: [[-2.54863847e-02 -9.99675169e-01 -1.44943730e-15  1.20000000e-01]
 [-9.99675169e-01  2.54863847e-02  2.25715149e-16 -1.54033276e+00]
 [-1.88700913e-16  1.45471914e-15 -1.00000000e+00  9.43689571e-16]
 [ 0.00000000e+00  0.00000000e+00  0.00000000e+00  1.00000000e+00]]
                        --------------------------------------

                    

                        link: bucket_base
                        parent: boom_base
                        T: [[-5.31387073e-01  8.47129139e-01 -5.00213276e-15 -1.79150052e+00]
 [-8.47129139e-01 -5.31387073e-01  2.37890623e-15  1.13776060e+00]
 [-6.42827898e-16  5.50157244e-15  1.00000000e+00 -1.35000000e-01]
 [ 0.00000000e+00  0.00000000e+00  0.00000000e+00  1.00000000e+00]]
                        --------------------------------------

                    

                        link: bucket_base
                        parent: swing_base
                        T: [[-4.44089210e-16  1.15185639e-15  1.00000000e+00 -5.50000000e-02]
 [ 1.66598529e-01 -9.86024812e-01  1.20736754e-15  2.16559091e+00]
 [ 9.86024812e-01  1.66598529e-01  3.33066907e-16 -5.15243659e-01]
 [ 0.00000000e+00  0.00000000e+00  0.00000000e+00  1.00000000e+00]]
                        --------------------------------------

                    

                        link: bucket_base
                        parent: left_front_wheel_link
                        T: [[-0.92625302  0.36017947  0.11102292 -0.11398486]
 [-0.37522925 -0.90895081 -0.18169052  2.43166531]
 [ 0.03547318 -0.20995044  0.9770683  -0.24626087]
 [ 0.          0.          0.          1.        ]]
                        --------------------------------------

                    

                        link: bucket_base
                        parent: wheel_left_free
                        T: [[-0.92625302  0.36017947  0.11102292 -0.11398486]
 [-0.37522925 -0.90895081 -0.18169052  2.43166531]
 [ 0.03547318 -0.20995044  0.9770683  -0.54626087]
 [ 0.          0.          0.          1.        ]]
                        --------------------------------------

                    

                        link: bucket_base
                        parent: left_spinning_wheel_link
                        T: [[-0.1898569  -0.96129445 -0.19966809  3.90848408]
 [-0.98117073  0.1784203   0.07396071 -0.19939912]
 [-0.03547318  0.20995044 -0.9770683   0.20726087]
 [ 0.          0.          0.          1.        ]]
                        --------------------------------------

                    

                        link: bucket_base
                        parent: wheel_left_spinning
                        T: [[-0.1898569  -0.96129445 -0.19966809  3.90848408]
 [-0.98117073  0.1784203   0.07396071 -0.19939912]
 [-0.03547318  0.20995044 -0.9770683   0.50726087]
 [ 0.          0.          0.          1.        ]]
                        --------------------------------------

                    

                        link: bucket_base
                        parent: push_blade_bucket
                        T: [[-0.99929412 -0.01954916  0.03207942  0.71950913]
 [ 0.01236578 -0.97751657 -0.21049571  2.58427997]
 [ 0.03547318 -0.20995044  0.9770683   0.11173913]
 [ 0.          0.          0.          1.        ]]
                        --------------------------------------

                    

                        link: bucket_base
                        parent: right_front_wheel_link
                        T: [[-1.62778142e-01  9.63413590e-01  2.12926118e-01 -2.13438098e+00]
 [-9.86024812e-01 -1.66598529e-01 -4.02455846e-16  1.17064366e+00]
 [ 3.54731782e-02 -2.09950436e-01  9.77068303e-01  9.14739134e-01]
 [ 0.00000000e+00  0.00000000e+00  0.00000000e+00  1.00000000e+00]]
                        --------------------------------------

                    

                        link: bucket_base
                        parent: wheel_right_free
                        T: [[-1.62778142e-01  9.63413590e-01  2.12926118e-01 -2.13438098e+00]
 [-9.86024812e-01 -1.66598529e-01 -4.02455846e-16  1.17064366e+00]
 [ 3.54731782e-02 -2.09950436e-01  9.77068303e-01  1.21473913e+00]
 [ 0.00000000e+00  0.00000000e+00  0.00000000e+00  1.00000000e+00]]
                        --------------------------------------

                    

                        link: bucket_base
                        parent: right_spinning_wheel_link
                        T: [[-0.99347133  0.09866557  0.05726976  0.12308599]
 [-0.10842681 -0.97272088 -0.20507976  3.91163108]
 [ 0.03547318 -0.20995044  0.9770683   0.94073913]
 [ 0.          0.          0.          1.        ]]
                        --------------------------------------

                    

                        link: bucket_base
                        parent: wheel_right_spinning
                        T: [[-0.99347133  0.09866557  0.05726976  0.12308599]
 [-0.10842681 -0.97272088 -0.20507976  3.91163108]
 [ 0.03547318 -0.20995044  0.9770683   1.24073913]
 [ 0.          0.          0.          1.        ]]
                        --------------------------------------

                    

                        link: bucket_base
                        parent: cabin_base
                        T: [[ 3.54580961e-02 -2.09861171e-01  9.77088027e-01  3.66467251e-01]
 [-1.62781428e-01  9.63433038e-01  2.12835589e-01 -2.93441494e+00]
 [-9.86024812e-01 -1.66598529e-01 -6.66133815e-16  8.95643659e-01]
 [ 0.00000000e+00  0.00000000e+00  0.00000000e+00  1.00000000e+00]]
                        --------------------------------------

                    

                        link: left_front_wheel_link
                        parent: arm_base
                        T: [[-0.33645563  0.91821879  0.20897815 -2.09968848]
 [ 0.93513182  0.35194149 -0.04081253 -2.29959633]
 [-0.11102292  0.18169052 -0.9770683  -0.69507914]
 [ 0.          0.          0.          1.        ]]
                        --------------------------------------

                    

                        link: left_front_wheel_link
                        parent: boom_base
                        T: [[ 0.7973174  -0.57060674 -0.19670512 -0.36153456]
 [ 0.59326121  0.80087234  0.08151458 -0.72199623]
 [ 0.11102292 -0.18169052  0.9770683   0.56007914]
 [ 0.          0.          0.          1.        ]]
                        --------------------------------------

                    

                        link: left_front_wheel_link
                        parent: swing_base
                        T: [[ 0.11102292 -0.18169052  0.9770683   0.64007914]
 [-0.50945828  0.83373541  0.21292612  0.13259028]
 [-0.85330309 -0.52141522  0.          0.6554    ]
 [ 0.          0.          0.          1.        ]]
                        --------------------------------------

                    

                        link: left_front_wheel_link
                        parent: bucket_base
                        T: [[-0.92625302 -0.37522925  0.03547318  0.81558878]
 [ 0.36017947 -0.90895081 -0.20995044  2.19961657]
 [ 0.11102292 -0.18169052  0.9770683   0.69507914]
 [ 0.          0.          0.          1.        ]]
                        --------------------------------------

                    

                        link: left_front_wheel_link
                        parent: wheel_left_free
                        T: [[ 1.   0.   0.   0. ]
 [ 0.   1.   0.   0. ]
 [ 0.   0.   1.  -0.3]
 [ 0.   0.   0.   1. ]]
                        --------------------------------------

                    

                        link: left_front_wheel_link
                        parent: left_spinning_wheel_link
                        T: [[-1.92550724e-01  9.81287022e-01 -9.49277023e-16  1.50037461e+00]
 [ 9.81287022e-01  1.92550724e-01  6.37333806e-16 -5.55766172e-01]
 [ 8.08191370e-16 -8.08794137e-16 -1.00000000e+00 -3.90000000e-02]
 [ 0.00000000e+00  0.00000000e+00  0.00000000e+00  1.00000000e+00]]
                        --------------------------------------

                    

                        link: left_front_wheel_link
                        parent: wheel_left_spinning
                        T: [[-1.92550724e-01  9.81287022e-01 -9.49277023e-16  1.50037461e+00]
 [ 9.81287022e-01  1.92550724e-01  6.37333806e-16 -5.55766172e-01]
 [ 8.08191370e-16 -8.08794137e-16 -1.00000000e+00  2.61000000e-01]
 [ 0.00000000e+00  0.00000000e+00  0.00000000e+00  1.00000000e+00]]
                        --------------------------------------

                    

                        link: left_front_wheel_link
                        parent: push_blade_bucket
                        T: [[ 9.22119545e-01  3.86905084e-01  4.11876196e-16 -1.16206872e-01]
 [-3.86905084e-01  9.22119545e-01 -2.56023252e-15  2.97892536e-01]
 [-1.37036607e-15  2.20148345e-15  1.00000000e+00  3.58000000e-01]
 [ 0.00000000e+00  0.00000000e+00  0.00000000e+00  1.00000000e+00]]
                        --------------------------------------

                    

                        link: left_front_wheel_link
                        parent: right_front_wheel_link
                        T: [[ 5.21415217e-01 -8.53303095e-01  3.65287107e-15  1.33226763e-15]
 [ 8.53303095e-01  5.21415217e-01  1.20813217e-17  0.00000000e+00]
 [-1.91497159e-15  3.11070680e-15  1.00000000e+00  1.16100000e+00]
 [ 0.00000000e+00  0.00000000e+00  0.00000000e+00  1.00000000e+00]]
                        --------------------------------------

                    

                        link: left_front_wheel_link
                        parent: wheel_right_free
                        T: [[ 5.21415217e-01 -8.53303095e-01  3.65287107e-15  1.33226763e-15]
 [ 8.53303095e-01  5.21415217e-01  1.20813217e-17 -5.55111512e-17]
 [-1.91497159e-15  3.11070680e-15  1.00000000e+00  1.46100000e+00]
 [ 0.00000000e+00  0.00000000e+00  0.00000000e+00  1.00000000e+00]]
                        --------------------------------------

                    

                        link: left_front_wheel_link
                        parent: right_spinning_wheel_link
                        T: [[ 9.62101390e-01  2.72691978e-01  7.58817285e-16 -4.30344634e-01]
 [-2.72691978e-01  9.62101390e-01 -2.90769483e-15  1.54103975e+00]
 [-1.52296422e-15  2.59057385e-15  1.00000000e+00  1.18700000e+00]
 [ 0.00000000e+00  0.00000000e+00  0.00000000e+00  1.00000000e+00]]
                        --------------------------------------

                    

                        link: left_front_wheel_link
                        parent: wheel_right_spinning
                        T: [[ 9.62101390e-01  2.72691978e-01  7.58817285e-16 -4.30344634e-01]
 [-2.72691978e-01  9.62101390e-01 -2.90769483e-15  1.54103975e+00]
 [-1.52296422e-15  2.59057385e-15  1.00000000e+00  1.48700000e+00]
 [ 0.00000000e+00  0.00000000e+00  0.00000000e+00  1.00000000e+00]]
                        --------------------------------------

                    

                        link: left_front_wheel_link
                        parent: cabin_base
                        T: [[ 4.83109916e-05 -7.90615948e-05  9.99999996e-01  6.12925874e-01]
 [ 5.21415215e-01 -8.53303091e-01 -9.26535897e-05 -8.00056793e-01]
 [ 8.53303095e-01  5.21415217e-01 -2.22044605e-16 -2.75000000e-01]
 [ 0.00000000e+00  0.00000000e+00  0.00000000e+00  1.00000000e+00]]
                        --------------------------------------

                    

                        link: wheel_left_free
                        parent: arm_base
                        T: [[-0.33645563  0.91821879  0.20897815 -2.03699503]
 [ 0.93513182  0.35194149 -0.04081253 -2.31184009]
 [-0.11102292  0.18169052 -0.9770683  -0.98819963]
 [ 0.          0.          0.          1.        ]]
                        --------------------------------------

                    

                        link: wheel_left_free
                        parent: boom_base
                        T: [[ 0.7973174  -0.57060674 -0.19670512 -0.4205461 ]
 [ 0.59326121  0.80087234  0.08151458 -0.69754186]
 [ 0.11102292 -0.18169052  0.9770683   0.85319963]
 [ 0.          0.          0.          1.        ]]
                        --------------------------------------

                    

                        link: wheel_left_free
                        parent: swing_base
                        T: [[ 0.11102292 -0.18169052  0.9770683   0.93319963]
 [-0.50945828  0.83373541  0.21292612  0.19646812]
 [-0.85330309 -0.52141522  0.          0.6554    ]
 [ 0.          0.          0.          1.        ]]
                        --------------------------------------

                    

                        link: wheel_left_free
                        parent: bucket_base
                        T: [[-0.92625302 -0.37522925  0.03547318  0.82623073]
 [ 0.36017947 -0.90895081 -0.20995044  2.13663144]
 [ 0.11102292 -0.18169052  0.9770683   0.98819963]
 [ 0.          0.          0.          1.        ]]
                        --------------------------------------

                    

                        link: wheel_left_free
                        parent: left_front_wheel_link
                        T: [[1.  0.  0.  0. ]
 [0.  1.  0.  0. ]
 [0.  0.  1.  0.3]
 [0.  0.  0.  1. ]]
                        --------------------------------------

                    

                        link: wheel_left_free
                        parent: left_spinning_wheel_link
                        T: [[-1.92550724e-01  9.81287022e-01 -9.49277023e-16  1.50037461e+00]
 [ 9.81287022e-01  1.92550724e-01  6.37333806e-16 -5.55766172e-01]
 [ 8.08191370e-16 -8.08794137e-16 -1.00000000e+00 -3.39000000e-01]
 [ 0.00000000e+00  0.00000000e+00  0.00000000e+00  1.00000000e+00]]
                        --------------------------------------

                    

                        link: wheel_left_free
                        parent: wheel_left_spinning
                        T: [[-1.92550724e-01  9.81287022e-01 -9.49277023e-16  1.50037461e+00]
 [ 9.81287022e-01  1.92550724e-01  6.37333806e-16 -5.55766172e-01]
 [ 8.08191370e-16 -8.08794137e-16 -1.00000000e+00 -3.90000000e-02]
 [ 0.00000000e+00  0.00000000e+00  0.00000000e+00  1.00000000e+00]]
                        --------------------------------------

                    

                        link: wheel_left_free
                        parent: push_blade_bucket
                        T: [[ 9.22119545e-01  3.86905084e-01  4.11876196e-16 -1.16206872e-01]
 [-3.86905084e-01  9.22119545e-01 -2.56023252e-15  2.97892536e-01]
 [-1.37036607e-15  2.20148345e-15  1.00000000e+00  6.58000000e-01]
 [ 0.00000000e+00  0.00000000e+00  0.00000000e+00  1.00000000e+00]]
                        --------------------------------------

                    

                        link: wheel_left_free
                        parent: right_front_wheel_link
                        T: [[ 5.21415217e-01 -8.53303095e-01  3.65287107e-15  2.22044605e-15]
 [ 8.53303095e-01  5.21415217e-01  1.20813217e-17  0.00000000e+00]
 [-1.91497159e-15  3.11070680e-15  1.00000000e+00  1.46100000e+00]
 [ 0.00000000e+00  0.00000000e+00  0.00000000e+00  1.00000000e+00]]
                        --------------------------------------

                    

                        link: wheel_left_free
                        parent: wheel_right_free
                        T: [[ 5.21415217e-01 -8.53303095e-01  3.65287107e-15  2.22044605e-15]
 [ 8.53303095e-01  5.21415217e-01  1.20813217e-17 -5.55111512e-17]
 [-1.91497159e-15  3.11070680e-15  1.00000000e+00  1.76100000e+00]
 [ 0.00000000e+00  0.00000000e+00  0.00000000e+00  1.00000000e+00]]
                        --------------------------------------

                    

                        link: wheel_left_free
                        parent: right_spinning_wheel_link
                        T: [[ 9.62101390e-01  2.72691978e-01  7.58817285e-16 -4.30344634e-01]
 [-2.72691978e-01  9.62101390e-01 -2.90769483e-15  1.54103975e+00]
 [-1.52296422e-15  2.59057385e-15  1.00000000e+00  1.48700000e+00]
 [ 0.00000000e+00  0.00000000e+00  0.00000000e+00  1.00000000e+00]]
                        --------------------------------------

                    

                        link: wheel_left_free
                        parent: wheel_right_spinning
                        T: [[ 9.62101390e-01  2.72691978e-01  7.58817285e-16 -4.30344634e-01]
 [-2.72691978e-01  9.62101390e-01 -2.90769483e-15  1.54103975e+00]
 [-1.52296422e-15  2.59057385e-15  1.00000000e+00  1.78700000e+00]
 [ 0.00000000e+00  0.00000000e+00  0.00000000e+00  1.00000000e+00]]
                        --------------------------------------

                    

                        link: wheel_left_free
                        parent: cabin_base
                        T: [[ 4.83109916e-05 -7.90615948e-05  9.99999996e-01  9.12925873e-01]
 [ 5.21415215e-01 -8.53303091e-01 -9.26535897e-05 -8.00084589e-01]
 [ 8.53303095e-01  5.21415217e-01 -2.22044605e-16 -2.75000000e-01]
 [ 0.00000000e+00  0.00000000e+00  0.00000000e+00  1.00000000e+00]]
                        --------------------------------------

                    

                        link: left_spinning_wheel_link
                        parent: arm_base
                        T: [[ 0.96582095 -0.15335585 -0.20897815 -3.64216186]
 [ 0.16529531  0.98539931  0.04081253 -1.99835793]
 [ 0.19966809 -0.07396071  0.9770683  -0.99765527]
 [ 0.          0.          0.          1.        ]]
                        --------------------------------------

                    

                        link: left_spinning_wheel_link
                        parent: boom_base
                        T: [[-0.71345303  0.67252648  0.19670512  1.09035122]
 [ 0.67165276  0.73636808 -0.08151458 -1.32365758]
 [-0.19966809  0.07396071 -0.9770683   0.86265527]
 [ 0.          0.          0.          1.        ]]
                        --------------------------------------

                    

                        link: left_spinning_wheel_link
                        parent: swing_base
                        T: [[-1.99668088e-01  7.39607085e-02 -9.77068303e-01  9.42655269e-01]
 [ 9.16230294e-01 -3.39388444e-01 -2.12926118e-01 -1.43902312e+00]
 [-3.47353857e-01 -9.37734130e-01 -4.44089210e-16  6.55400000e-01]
 [ 0.00000000e+00  0.00000000e+00  0.00000000e+00  1.00000000e+00]]
                        --------------------------------------

                    

                        link: left_spinning_wheel_link
                        parent: bucket_base
                        T: [[-0.1898569  -0.98117073 -0.03547318  0.5537603 ]
 [-0.96129445  0.1784203   0.20995044  3.74926638]
 [-0.19966809  0.07396071 -0.9770683   0.99765527]
 [ 0.          0.          0.          1.        ]]
                        --------------------------------------

                    

                        link: left_spinning_wheel_link
                        parent: left_front_wheel_link
                        T: [[-1.92550724e-01  9.81287022e-01  8.08191370e-16  8.34264348e-01]
 [ 9.81287022e-01  1.92550724e-01 -8.08794137e-16 -1.36528495e+00]
 [-9.49277023e-16  6.37333806e-16 -1.00000000e+00 -3.90000000e-02]
 [ 0.00000000e+00  0.00000000e+00  0.00000000e+00  1.00000000e+00]]
                        --------------------------------------

                    

                        link: left_spinning_wheel_link
                        parent: wheel_left_free
                        T: [[-1.92550724e-01  9.81287022e-01  8.08191370e-16  8.34264348e-01]
 [ 9.81287022e-01  1.92550724e-01 -8.08794137e-16 -1.36528495e+00]
 [-9.49277023e-16  6.37333806e-16 -1.00000000e+00 -3.39000000e-01]
 [ 0.00000000e+00  0.00000000e+00  0.00000000e+00  1.00000000e+00]]
                        --------------------------------------

                    

                        link: left_spinning_wheel_link
                        parent: wheel_left_spinning
                        T: [[1.  0.  0.  0. ]
 [0.  1.  0.  0. ]
 [0.  0.  1.  0.3]
 [0.  0.  0.  1. ]]
                        --------------------------------------

                    

                        link: left_spinning_wheel_link
                        parent: push_blade_bucket
                        T: [[ 2.02110152e-01  9.79362796e-01  1.20592202e-17  1.24848901e-01]
 [ 9.79362796e-01 -2.02110152e-01  1.56716082e-15 -1.28384452e+00]
 [ 1.53725629e-15 -3.04928759e-16 -1.00000000e+00  3.19000000e-01]
 [ 0.00000000e+00  0.00000000e+00  0.00000000e+00  1.00000000e+00]]
                        --------------------------------------

                    

                        link: left_spinning_wheel_link
                        parent: right_front_wheel_link
                        T: [[-9.37734130e-01  3.47353857e-01 -2.40416908e-15  1.60000000e+00]
 [ 3.47353857e-01  9.37734130e-01  4.30965936e-16  0.00000000e+00]
 [ 2.40416908e-15 -4.30965936e-16 -1.00000000e+00  1.12200000e+00]
 [ 0.00000000e+00  0.00000000e+00  0.00000000e+00  1.00000000e+00]]
                        --------------------------------------

                    

                        link: left_spinning_wheel_link
                        parent: wheel_right_free
                        T: [[-9.37734130e-01  3.47353857e-01 -2.40416908e-15  1.60000000e+00]
 [ 3.47353857e-01  9.37734130e-01  4.30965936e-16 -5.55111512e-17]
 [ 2.40416908e-15 -4.30965936e-16 -1.00000000e+00  1.42200000e+00]
 [ 0.00000000e+00  0.00000000e+00  0.00000000e+00  1.00000000e+00]]
                        --------------------------------------

                    

                        link: left_spinning_wheel_link
                        parent: right_spinning_wheel_link
                        T: [[ 8.23357804e-02  9.96604645e-01 -1.82649710e-16  1.38777878e-16]
 [ 9.96604645e-01 -8.23357804e-02  2.00127999e-15 -9.99200722e-16]
 [ 1.97944632e-15 -3.46806499e-16 -1.00000000e+00  1.14800000e+00]
 [ 0.00000000e+00  0.00000000e+00  0.00000000e+00  1.00000000e+00]]
                        --------------------------------------

                    

                        link: left_spinning_wheel_link
                        parent: wheel_right_spinning
                        T: [[ 8.23357804e-02  9.96604645e-01 -1.82649710e-16  1.94289029e-16]
 [ 9.96604645e-01 -8.23357804e-02  2.00127999e-15 -1.11022302e-15]
 [ 1.97944632e-15 -3.46806499e-16 -1.00000000e+00  1.44800000e+00]
 [ 0.00000000e+00  0.00000000e+00  0.00000000e+00  1.00000000e+00]]
